10 número de nós 
13 número de elementos
2 
3 
2 
1 
1 
3

1 1 2  0.03  2.250000000000000e-4  30e9
2 2 4  0.03  2.250000000000000e-4  30e9
3 5 6  0.03  2.250000000000000e-4  30e9
4 7 8  0.03  2.250000000000000e-4  30e9
5 1 7  0.03  2.250000000000000e-4  30e9
6 6 8  0.03  2.250000000000000e-4  30e9
7 4 6  0.03  2.250000000000000e-4  30e9
8 3 4  0.03  2.250000000000000e-4  30e9
9 2 5  0.03  2.250000000000000e-4  30e9
10 5 7  0.03  2.250000000000000e-4  30e9
11 9 1  0.03  2.250000000000000e-4  30e9
12 9 2  0.03  2.250000000000000e-4  30e9
13 10 4  0.03  2.250000000000000e-4  30e9


1   0.0   0.0
2  4.0  0.0
3  10  -3.0
4  10   0.0
5  4.0  2.5
6   10  2.5
7   4.0   5.0
8   10    5
9   0   -1.5
10  7   -3

8 70000  0.0  0.0


4 0 -20000


3
9
10

